Difference in e-2, Number of occurences0, 2773218
1, 465585
2, 460386
3, 451281
4, 440836
5, 421848
6, 405819
7, 387685
8, 367404
9, 344469
10, 324591
11, 301909
12, 279167
13, 258467
14, 236652
15, 218501
16, 198457
17, 181865
18, 164536
19, 147779
20, 132543
21, 118783
22, 106536
23, 93702
24, 84573
25, 74103
26, 66169
27, 57558
28, 50687
29, 44379
30, 39027
31, 33939
32, 29872
33, 25541
34, 22221
35, 19336
36, 16850
37, 14432
38, 12656
39, 10596
40, 9260
41, 7950
42, 6916
43, 5950
44, 5260
45, 4539
46, 4046
47, 3577
48, 3176
49, 2875
50, 30167
51, 4572
52, 3152
53, 2243
54, 1920
55, 1599
56, 1327
57, 1200
58, 1082
59, 840
60, 743
61, 696
62, 620
63, 585
64, 512
65, 501
66, 455
67, 457
68, 436
69, 393
70, 430
71, 3889
72, 349
73, 342
74, 273
75, 246
76, 218
77, 166
78, 140
79, 129
80, 111
81, 101
82, 97
83, 84
84, 71
85, 58
86, 44
87, 48
88, 43
89, 35
90, 26
91, 30
92, 25
93, 15
94, 25
95, 30
96, 13
97, 24
98, 24
99, 27
100, 1032
101, 95
102, 37
103, 35
104, 24
105, 25
106, 13
107, 23
108, 24
109, 29
110, 20
111, 28
112, 285
113, 29
114, 18
115, 15
116, 13
117, 16
118, 15
119, 17
120, 12
121, 13
122, 6
123, 4
124, 5
125, 3
126, 4
127, 6
128, 3
129, 1
130, 2
131, 4
132, 3
133, 0
134, 3
135, 1
136, 0
137, 1
138, 0
139, 0
140, 1
141, 10
142, 1
143, 0
144, 1
145, 0
146, 0
147, 2
148, 0
149, 0
150, 1
151, 0
152, 0
153, 0
154, 0
155, 0
156, 0
157, 0
158, 0
159, 0
160, 0
161, 0
162, 0
163, 0
164, 0
165, 0
166, 0
167, 0
168, 0
169, 0
