Difference in e-6, Number of occurences0, 0
1, 0
2, 0
3, 0
4, 0
5, 0
6, 0
7, 0
8, 0
9, 0
10, 0
11, 0
12, 0
13, 0
14, 0
15, 0
16, 0
17, 0
18, 0
19, 0
20, 0
21, 0
22, 0
23, 1
24, 0
25, 0
26, 0
27, 0
28, 1
29, 0
30, 0
31, 0
32, 0
33, 0
34, 0
35, 0
36, 0
37, 0
38, 0
39, 1
40, 0
41, 0
42, 0
43, 0
44, 0
45, 1
46, 0
47, 56
48, 142
49, 107
50, 393
51, 969
52, 1412
53, 1995
54, 2048
55, 3370
56, 6788
57, 8152
58, 14181
59, 14328
60, 19007
61, 23942
62, 28192
63, 29541
64, 46205
65, 48441
66, 60147
67, 73620
68, 81525
69, 82949
70, 86255
71, 97992
72, 127185
73, 128482
74, 149927
75, 141210
76, 144500
77, 166880
78, 182065
79, 203273
80, 215494
81, 208061
82, 231599
83, 249878
84, 265995
85, 259422
86, 267184
87, 271795
88, 285771
89, 279322
90, 269639
91, 316729
92, 280664
93, 284186
94, 280781
95, 280034
96, 277143
97, 272471
98, 286111
99, 254672
100, 227209
101, 218755
102, 209433
103, 210685
104, 196600
105, 170901
106, 172200
107, 152115
108, 145710
109, 127412
110, 115465
111, 108778
112, 105260
113, 86495
114, 83679
115, 64508
116, 52942
117, 47812
118, 36404
119, 35698
120, 31405
121, 25683
122, 16335
123, 11170
124, 9711
125, 6927
126, 4999
127, 4176
128, 3161
129, 2136
130, 1362
131, 813
132, 948
133, 331
134, 52
135, 25
136, 16
137, 437
138, 6
139, 0
140, 3
141, 3
142, 4
143, 1
144, 1
145, 0
146, 0
147, 0
148, 0
149, 0
